        posR_cm     posPhi_deg      measT_Cel
          57.35      0.0747998        46.9375
          65.81      0.0654498         48.625
          57.35       0.224399        46.8125
          65.81        0.19635        49.3125
          65.81       0.327249        49.9375
          57.35       0.373999             48
          74.37       0.407243         51.875
          65.81       0.458149         50.875
          74.37       0.523599         51.875
          57.35       0.523599         48.375
          65.81       0.589049        51.5625
          74.37       0.639954        52.8125
          57.35       0.673198        48.9375
          65.81       0.719948         51.875
          57.35       0.822798         49.375
          65.81       0.850848        52.4375
          65.81       0.981748          51.75
          57.35       0.972398        48.5625
         91.305      0.0475999        46.9375
          74.37      0.0581776        47.4375
         82.868      0.0523599         46.875
         82.868        0.15708        48.6875
          74.37       0.174533        49.3125
         91.305         0.1428         48.125
         91.305       0.237999        48.5625
         82.868       0.261799        49.4375
          74.37       0.290888        50.3125
         82.868       0.366519          51.25
         82.868       0.471239        52.4375
         82.868       0.575959         44.375
         82.868       0.680678           45.5
          74.37       0.756309          44.25
         82.868       0.785398          45.75
         91.305       0.809198        45.5625
         91.305       0.904398         53.875
          74.37       0.872665        52.8125
         82.868       0.890118        53.9375
         82.868       0.994838        52.5625
          74.37        0.98902         52.375
         91.305       0.999598        52.5625
        108.185        0.12083        46.3125
         99.794         0.1309        47.5625
        108.185      0.0402768        46.0625
         99.794      0.0436332        47.3125
         99.794       0.218166         48.625
        108.185       0.201384          46.75
        108.185       0.281938        48.0625
         99.794       0.305433         49.625
         91.305       0.333199        49.8125
         99.794       0.392699        51.4375
        108.185       0.362491          49.25
         91.305       0.428399          52.25
         91.305       0.618799        54.4375
        108.185       0.684706          55.75
         99.794       0.654498         56.125
         91.305       0.713998        54.6875
         99.794       0.741765          55.75
        108.185        0.76526        54.3125
        108.185       0.845813        53.4375
         99.794       0.829031             55
         99.794        1.00356        51.9375
        108.185        1.00692         50.625
         99.794       0.916298         54.125
        108.185       0.926367          52.25
        108.185       0.604152          55.75
         99.794       0.567232        55.3125
         91.305       0.523599        53.1875
        108.185       0.523599             54
         99.794       0.479966         53.375
        108.185       0.443045         51.125
          57.35          1.122          49.75
          65.81        1.11265           51.5
          57.35         1.2716          49.75
          65.81        1.24355        52.3125
          65.81        1.37445        53.0625
          57.35         1.4212        50.4375
          74.37        1.45444         55.375
          65.81        1.50535         53.625
          74.37         1.5708        55.3125
          57.35         1.5708        51.3125
          65.81        1.63625        54.1875
          74.37        1.68715         56.125
          57.35         1.7204        51.1875
          65.81        1.76715        54.1875
          57.35           1.87         51.375
          65.81        1.89805             54
          65.81        2.02895        53.8125
          57.35         2.0196         50.625
         91.305         1.0948           51.5
          74.37        1.10538        51.8125
         82.868        1.09956        51.4375
         82.868        1.20428          53.75
          74.37        1.22173         52.375
         91.305           1.19        53.4375
         91.305         1.2852         53.875
         82.868          1.309           54.5
          74.37        1.33809        54.1875
         82.868        1.41372        56.0625
         82.868        1.51844        56.1875
         82.868        1.62316         56.375
         82.868        1.72788         56.375
          74.37        1.80351         55.375
         82.868         1.8326         55.625
         91.305         1.8564        54.5625
         91.305         1.9516          55.25
          74.37        1.91986          54.25
         82.868        1.93732         55.625
         82.868        2.04204        54.1875
          74.37        2.03622         54.125
         91.305         2.0468        53.6875
        108.185        1.16803        51.3125
         99.794         1.1781         53.375
        108.185        1.08747        50.1875
         99.794        1.09083         51.375
         99.794        1.26536        55.0625
        108.185        1.24858        53.4375
        108.185        1.32914         55.375
         99.794        1.35263          56.25
         91.305         1.3804        54.5625
         99.794         1.4399         56.875
        108.185        1.40969        56.0625
         91.305         1.4756        56.3125
         91.305          1.666        45.4375
        108.185         1.7319         45.125
         99.794         1.7017             46
         91.305         1.7612        44.4375
         99.794        1.78896        44.8125
        108.185        1.81246         43.875
        108.185        1.89301        53.3125
         99.794        1.87623             55
         99.794        2.05076          53.75
        108.185        2.05412        53.0625
         99.794         1.9635        55.1875
        108.185        1.97356         53.125
        108.185        1.65135         55.375
         99.794        1.61443          56.25
         91.305         1.5708        56.0625
        108.185         1.5708             56
         99.794        1.52716             57
        108.185        1.49024        55.9375
          57.35        2.16919        50.6875
          65.81        2.15984        53.5625
          57.35        2.31879         50.375
          65.81        2.29074             54
          65.81        2.42164         54.625
          57.35        2.46839         51.625
          74.37        2.50164         56.125
          65.81        2.55254        54.6875
          74.37        2.61799         55.375
          57.35        2.61799         50.375
          65.81        2.68344        54.3125
          74.37        2.73435        55.5625
          57.35        2.76759         50.625
          65.81        2.81434         53.125
          57.35        2.91719         49.875
          65.81        2.94524        52.5625
          65.81        3.07614        52.0625
          57.35        3.06679        49.1875
         91.305        2.14199        53.5625
          74.37        2.15257        54.8125
         82.868        2.14675        55.3125
         82.868        2.25147             56
          74.37        2.26893         54.875
         91.305        2.23719         54.625
         91.305        2.33239        54.9375
         82.868        2.35619         56.375
          74.37        2.38528         55.375
         82.868        2.46091        56.8125
         82.868        2.56563        56.8125
         82.868        2.67035          56.25
         82.868        2.77507        55.3125
          74.37         2.8507           53.5
         82.868        2.87979        53.6875
         91.305        2.90359        53.6875
         91.305        2.99879        53.4375
          74.37        2.96706        52.4375
         82.868        2.98451        53.1875
         82.868        3.08923             51
          74.37        3.08342         51.625
         91.305        3.09399         51.875
        108.185        2.21523        54.0625
         99.794        2.22529         53.625
        108.185        2.13467         53.375
         99.794        2.13803        53.1875
         99.794        2.31256           55.5
        108.185        2.29578        54.4375
        108.185        2.37633        54.8125
         99.794        2.39983           56.5
         91.305        2.42759        55.8125
         99.794        2.48709           57.5
        108.185        2.45689        55.5625
         91.305        2.52279         56.875
         91.305        2.71319         52.625
        108.185         2.7791        49.6875
         99.794        2.74889         52.375
         91.305        2.80839        50.6875
         99.794        2.83616         50.625
        108.185        2.85965         49.125
        108.185        2.94021           52.5
         99.794        2.92343        54.0625
         99.794        3.09796        51.4375
        108.185        3.10132         49.625
         99.794        3.01069         53.375
        108.185        3.02076          51.25
        108.185        2.69855        55.9375
         99.794        2.66163         57.125
         91.305        2.61799        56.3125
        108.185        2.61799        57.8125
         99.794        2.57436        57.8125
        108.185        2.53744             57
          57.35        3.21639        49.5625
          65.81        3.20704         52.375
          57.35        3.36599        49.0625
          65.81        3.33794        52.8125
          65.81        3.46884          52.75
          57.35        3.51559         49.375
          74.37        3.54884         54.375
          65.81        3.59974        52.1875
          74.37        3.66519        52.6875
          57.35        3.66519        49.3125
          65.81        3.73064           51.5
          74.37        3.78155           52.5
          57.35        3.81479           48.5
          65.81        3.86154           50.5
          57.35        3.96439        47.6875
          65.81        3.99244        49.1875
          65.81        4.12334        48.9375
          57.35        4.11399        47.5625
         91.305        3.18919        51.9375
          74.37        3.19977         52.875
         82.868        3.19395           52.5
         82.868        3.29867         54.375
          74.37        3.31613        53.9375
         91.305        3.28439          53.75
         91.305        3.37959        54.0625
         82.868        3.40339          55.25
          74.37        3.43248        54.9375
         82.868        3.50811        54.5625
         82.868        3.61283        53.9375
         82.868        3.71755        53.5625
         82.868        3.82227        52.0625
          74.37         3.8979         49.875
         82.868        3.92699          49.25
         91.305        3.95079         47.625
        108.185        3.26242        46.9375
         99.794        3.27249        51.1875
        108.185        3.18187        47.5625
         99.794        3.18523         50.625
         99.794        3.35976             51
        108.185        3.34298           45.5
        108.185        3.42353         46.625
         99.794        3.44703          51.75
         91.305        3.47479        54.4375
         99.794        3.53429          52.25
        108.185        3.50408        46.9375
         91.305        3.56999        53.4375
         91.305        3.76039        52.1875
        108.185         3.8263           45.5
         99.794        3.79609        50.1875
         91.305        3.85559        49.8125
         99.794        3.88336          47.25
        108.185        3.90685        42.3125
        108.185        3.98741             41
         99.794        3.97062             45
         99.794        4.14516         40.375
        108.185        4.14851         37.875
         99.794        4.05789        42.1875
        108.185        4.06796        39.3125
        108.185        3.74575        49.4375
         99.794        3.70882         51.875
         91.305        3.66519        52.4375
        108.185        3.66519        50.6875
         99.794        3.62156        52.3125
        108.185        3.58464        49.0625
          57.35        4.26359        46.9375
          65.81        4.25424        48.6875
          57.35        4.41319        46.6875
          65.81        4.38514        48.5625
          65.81        4.51604         48.875
          57.35        4.56279        47.0625
          74.37        4.59603        49.5625
          65.81        4.64694        49.4375
          74.37        4.71239        50.0625
          57.35        4.71239          47.25
          65.81        4.77784          50.25
          74.37        4.82874        50.9375
          57.35        4.86199         47.375
          65.81        4.90874        49.9375
          57.35        5.01159        47.0625
          65.81        5.03964        48.9375
          65.81        5.17054        48.6875
          57.35        5.16119        46.5625
         91.305        4.23639         43.625
          74.37        4.24697         47.875
         82.868        4.24115         46.125
         82.868        4.34587         47.875
          74.37        4.36332        47.9375
         91.305        4.33159         45.625
         91.305        4.42679        46.5625
         82.868        4.45059        48.5625
          74.37        4.47968        48.3125
         82.868        4.55531         49.875
         82.868        4.66003         50.375
         82.868        4.76475        51.0625
         82.868        4.86947          50.75
          74.37         4.9451             50
         82.868        4.97419          49.75
         91.305        4.99799         47.875
         91.305        5.09319             48
          74.37        5.06145        48.8125
         82.868        5.07891         49.375
         82.868        5.18363         48.375
          74.37        5.17781        49.1875
         91.305        5.18839         46.375
        108.185        4.30962         37.875
         99.794        4.31969         42.375
        108.185        4.22907        37.8125
         99.794        4.23242        40.1875
         99.794        4.40696          43.75
        108.185        4.39017        40.0625
        108.185        4.47073        41.1875
         99.794        4.49422         45.125
         91.305        4.52199        47.6875
         99.794        4.58149        46.6875
        108.185        4.55128         42.625
         91.305        4.61719           49.5
         91.305        4.80759        50.0625
        108.185         4.8735         43.625
         99.794        4.84329         47.875
         91.305        4.90279        49.5625
         99.794        4.93056           46.5
        108.185        4.95405             42
        108.185         5.0346         38.875
         99.794        5.01782        45.0625
         99.794        5.19235          43.75
        108.185        5.19571             41
         99.794        5.10509         44.625
        108.185        5.11516        40.4375
        108.185        4.79294         45.875
         99.794        4.75602          48.75
         91.305        4.71239        49.5625
        108.185        4.71239           45.5
         99.794        4.66876         47.875
        108.185        4.63184         44.625
          57.35        5.31079        46.5625
          65.81        5.30144        48.4375
          57.35        5.46039        46.3125
          65.81        5.43234           48.5
          65.81        5.56324        48.0625
          57.35        5.60999        46.0625
          74.37        5.64323        49.4375
          65.81        5.69414         49.125
          74.37        5.75959        49.1875
          57.35        5.75959        46.8125
          65.81        5.82504        49.5625
          74.37        5.87594        50.1875
          57.35        5.90919          46.25
          65.81        5.95594        48.9375
          57.35        6.05879             47
          65.81        6.08684        48.8125
          65.81        6.21774         48.625
          57.35        6.20839           46.5
         91.305        5.28359         45.125
          74.37        5.29417        48.0625
         82.868        5.28835        47.3125
         82.868        5.39307        47.9375
          74.37        5.41052         48.375
         91.305        5.37879        45.4375
         91.305        5.47399         45.875
         82.868        5.49779         47.875
          74.37        5.52688          48.25
         82.868        5.60251         48.375
         82.868        5.70723          49.25
         82.868        5.81195        49.5625
         82.868        5.91667         50.125
          74.37         5.9923        49.8125
         82.868        6.02139        49.9375
         91.305        6.04519             49
         91.305        6.14039        50.0625
          74.37        6.10865             49
         82.868        6.12611        50.0625
         82.868        6.23083         48.375
          74.37        6.22501        48.4375
         91.305        6.23559           48.5
        108.185        5.35682          35.25
         99.794        5.36689        37.9375
        108.185        5.27626         36.125
         99.794        5.27962        37.5625
         99.794        5.45415        38.0625
        108.185        5.43737          35.75
        108.185        5.51793        41.6875
         99.794        5.54142        45.3125
         91.305        5.56919          46.75
         99.794        5.62869         46.875
        108.185        5.59848        44.3125
         91.305        5.66439         48.125
         91.305        5.85479        48.9375
        108.185        5.92069         44.125
         99.794        5.89049        47.9375
         91.305        5.94999         48.625
         99.794        5.97775          47.75
        108.185        6.00125         45.125
        108.185         6.0818        45.8125
         99.794        6.06502           48.5
         99.794        6.23955         47.875
        108.185        6.24291        46.5625
         99.794        6.15229        49.1875
        108.185        6.16235             47
        108.185        5.84014             45
         99.794        5.80322        47.5625
         91.305        5.75959        47.8125
        108.185        5.75959        45.1875
         99.794        5.71595         47.125
        108.185        5.67903        44.3125
